%YAML:1.0
imageSize: !!opencv-matrix
   rows: 1
   cols: 2
   dt: w
   data: [ 382, 288 ]
cameraMatrix: !!opencv-matrix
   rows: 3
   cols: 3
   dt: d
   data: [ 3.7732227553759276e+02, 0., 1.9098670415464665e+02, 0.,
       3.7827518590799593e+02, 1.4890328824683087e+02, 0., 0., 1. ]
distCoeffs: !!opencv-matrix
   rows: 1
   cols: 8
   dt: d
   data: [ -1.9666214082095448e-01, -1.8316527667010765e+00,
       4.1488627740748603e-05, -4.4570296532033367e-04,
       5.4319165007572279e+00, 2.7619863555564450e-01,
       -2.4816640836747377e+00, 6.6678487615602311e+00 ]
newCamMat: !!opencv-matrix
   rows: 3
   cols: 3
   dt: d
   data: [ 3.6896932742762584e+02, 0., 1.9050000000000000e+02, 0.,
       3.6990114280472102e+02, 1.4350000000000000e+02, 0., 0., 1. ]
alpha: -5.0000000000000003e-02
reprojectionError: 3.7540312193749248e-01
generalisedError: 3.5807334892548143e-01
patternsUsed: 8
